0 0 0
0 1 7 9 1 1 10
49 16 0
-1
-1
-1
0
0
0
0
-1
-1
-1
50 8 0
-1
-1
-1
0
0
0
0
-1
-1
-1
-1 0 0
-1
-1
-1
0
0
0
0
-1
-1
-1
-1 0 0
-1
-1
-1
0
0
0
0
-1
-1
-1
-1 0 0
-1
-1
-1
0
0
0
0
-1
-1
-1
-1 0 0
-1
-1
-1
0
0
0
0
-1
-1
-1
-1 0 0
-1
-1
-1
0
0
0
0
-1
-1
-1
0
0 0
0 0
0 0
0 0
0 0
0 0
0 0
0 0
0 0
0 0
0 0
0 0
0 0
0 0
0 0
0 0
0 0
0 0
0 0
0 0
0 0
0 0
0 0
0 0
0 0
0 0
0 0
0 0
0 0
0 0
0 0
0 0
0 0
0 0
0 0
0 0
0 0
0 0
0 0
0 0
0 0
0 0
0 0
0 0
0 0
0 0
0 0
0 0
0 0
0 0
0 0
0 0
0 0
0 0
0 0
0 0
0 0
0 0
0 0
0 0
0 0
0 0
0 0
0 0
0 0
0 0
0 0
0 0
0 0
0 0
0 0
0 0
0 0
0 0
0 0
0 0
0 0
0 0
0 0
0 0
0 0
0 0
0 0
0 0
0 0
0 0
0 0
0 0
0 0
0 0
0 0
0 0
0 0
0 0
0 0
0 0
0 0
0 0
0 0
0 0
0 0
0 0
0 0
0 0
0 0
0 0
0 0
0 0
0 0
0 0
0 0
0
0
0
0
0
0
0
0
0
-1
-1
-1
-1
-1
-1
-1
-1
-1
-1
-1
-1
-1
-1
-1
-1
-1
-1
-1
-1
-1
-1
-1
-1
-1
-1
-1
-1
-1
-1
-1
-1
-1
-1
-1
-1
-1
-1
-1
-1
1
1
1
1
1
1
1
1
1
0 0 0
0
0 0 0 0 0 0 0 0 0 0 0
42 10 0
-1
-1
-1
0
0
0
0
-1
-1
-1
9
56 15 0
-1
-1
-1
0
0
0
0
-1
-1
-1
6
42 9 0
-1
-1
-1
0
0
0
0
-1
-1
-1
8
0 0 0
0 0 0 0 0 0 0
21 4 0
-1
-1
-1
0
0
0
0
-1
-1
-1
22 6 0
-1
-1
-1
0
0
0
0
-1
-1
-1
-1 0 0
-1
-1
-1
0
0
0
0
-1
-1
-1
-1 0 0
-1
-1
-1
0
0
0
0
-1
-1
-1
-1 0 0
-1
-1
-1
0
0
0
0
-1
-1
-1
-1 0 0
-1
-1
-1
0
0
0
0
-1
-1
-1
-1 0 0
-1
-1
-1
0
0
0
0
-1
-1
-1
0
0 0
0 0
0 0
0 0
0 0
0 0
0 0
0 0
0 0
0 0
0 0
0 0
0 0
0 0
0 0
0 0
0 0
0 0
0 0
0 0
0 0
0 0
0 0
0 0
0 0
0 0
0 0
0 0
0 0
0 0
0 0
0 0
0 0
0 0
0 0
0 0
0 0
0 0
0 0
0 0
0 0
0 0
0 0
0 0
0 0
0 0
0 0
0 0
0 0
0 0
0 0
0 0
0 0
0 0
0 0
0 0
0 0
0 0
0 0
0 0
0 0
0 0
0 0
0 0
0 0
0 0
0 0
0 0
0 0
0 0
0 0
0 0
0 0
0 0
0 0
0 0
0 0
0 0
0 0
0 0
0 0
0 0
0 0
0 0
0 0
0 0
0 0
0 0
0 0
0 0
0 0
0 0
0 0
0 0
0 0
0 0
0 0
0 0
0 0
0 0
0 0
0 0
0 0
0 0
0 0
0 0
0 0
0 0
0 0
0 0
0 0
0
0
0
0
0
0
0
0
0
0
0
0
0
0
0
0
0
0
0
0
0
0
0
0
0
0
0
0
0
0
0
0
0
0
0
0
0
0
0
0
0
0
0
0
0
0
0
0
0
1
1
1
1
1
1
1
1
1
0 0 0
0
17
0 0 0
0 0 0 0 0 0 0
0 8 0
-1
-1
-1
0
0
0
0
-1
-1
-1
1 3 0
-1
-1
-1
0
0
0
0
-1
-1
-1
-1 0 0
-1
-1
-1
0
0
0
0
-1
-1
-1
-1 0 0
-1
-1
-1
0
0
0
0
-1
-1
-1
-1 0 0
-1
-1
-1
0
0
0
0
-1
-1
-1
-1 0 0
-1
-1
-1
0
0
0
0
-1
-1
-1
-1 0 0
-1
-1
-1
0
0
0
0
-1
-1
-1
0
0 0
0 0
0 0
0 0
0 0
0 0
0 0
0 0
0 0
0 0
0 0
0 0
0 0
0 0
0 0
0 0
0 0
0 0
0 0
0 0
0 0
0 0
0 0
0 0
0 0
0 0
0 0
0 0
0 0
0 0
0 0
0 0
0 0
0 0
0 0
0 0
0 0
0 0
0 0
0 0
0 0
0 0
0 0
0 0
0 0
0 0
0 0
0 0
0 0
0 0
0 0
0 0
0 0
0 0
0 0
0 0
0 0
0 0
0 0
0 0
0 0
0 0
0 0
0 0
0 0
0 0
0 0
0 0
0 0
0 0
0 0
0 0
0 0
0 0
0 0
0 0
0 0
0 0
0 0
0 0
0 0
0 0
0 0
0 0
0 0
0 0
0 0
0 0
0 0
0 0
0 0
0 0
0 0
0 0
0 0
0 0
0 0
0 0
0 0
0 0
0 0
0 0
0 0
0 0
0 0
0 0
0 0
0 0
0 0
0 0
0 0
0
0
0
0
0
0
0
0
0
0
0
0
0
0
0
0
0
0
0
0
0
0
0
0
0
0
0
0
0
0
0
0
0
0
0
0
0
0
0
0
0
0
0
0
0
0
0
0
0
1
1
1
1
1
1
1
1
1
0 0 0
0
16
0 0 0
0 0 0 0 0 0 0
42 9 0
-1
-1
-1
0
0
0
0
-1
-1
-1
43 4 0
-1
-1
-1
0
0
0
0
-1
-1
-1
-1 0 0
-1
-1
-1
0
0
0
0
-1
-1
-1
-1 0 0
-1
-1
-1
0
0
0
0
-1
-1
-1
-1 0 0
-1
-1
-1
0
0
0
0
-1
-1
-1
-1 0 0
-1
-1
-1
0
0
0
0
-1
-1
-1
-1 0 0
-1
-1
-1
0
0
0
0
-1
-1
-1
0
0 0
0 0
0 0
0 0
0 0
0 0
0 0
0 0
0 0
0 0
0 0
0 0
0 0
0 0
0 0
0 0
0 0
0 0
0 0
0 0
0 0
0 0
0 0
0 0
0 0
0 0
0 0
0 0
0 0
0 0
0 0
0 0
0 0
0 0
0 0
0 0
0 0
0 0
0 0
0 0
0 0
0 0
0 0
0 0
0 0
0 0
0 0
0 0
0 0
0 0
0 0
0 0
0 0
0 0
0 0
0 0
0 0
0 0
0 0
0 0
0 0
0 0
0 0
0 0
0 0
0 0
0 0
0 0
0 0
0 0
0 0
0 0
0 0
0 0
0 0
0 0
0 0
0 0
0 0
0 0
0 0
0 0
0 0
0 0
0 0
0 0
0 0
0 0
0 0
0 0
0 0
0 0
0 0
0 0
0 0
0 0
0 0
0 0
0 0
0 0
0 0
0 0
0 0
0 0
0 0
0 0
0 0
0 0
0 0
0 0
0 0
0
0
0
0
0
0
0
0
0
0
0
0
0
0
0
0
0
0
0
0
0
0
0
0
0
0
0
0
0
0
0
0
0
0
0
0
0
0
0
0
0
0
0
0
0
0
0
0
0
1
1
1
1
1
1
1
1
1
0 0 0
0
16
15
15
13
14
38
0
14.11.2015
13:05:37
0
0
0
0
0
0
0
0
0
0
0
0
0
0
0
0
0
0
0
0
0
0
0
0
0
0
0
0
0
0
0
0
0
0
0
0
0
0
0
0
0
0
0
0
0
0
0
0
0
0
0
0
0
30.12.1899
0
