343 512 660 363
406 512 659 363
437 512 659 362
468 512 658 362
499 512 658 361
530 512 657 361
1170 512 657 360
1186 512 655 360
1201 512 655 359
1201 512 654 357
1217 512 652 356
1217 512 650 353
1232 512 645 348
1232 512 640 346
1248 512 633 339
1248 512 627 334
1264 512 618 329
1264 512 605 319
1279 512 587 305
1279 512 576 297
1295 512 563 289
1295 512 543 280
1310 512 530 273
1310 512 519 268
1326 512 509 265
1326 512 499 263
1342 512 493 262
1342 512 486 262
1357 512 483 262
1357 512 480 262
1373 512 478 264
1373 512 476 266
1388 512 474 272
1388 512 470 281
1404 512 469 293
1404 512 467 305
1420 512 466 325
1420 512 466 340
1435 512 466 353
1451 512 468 368
1451 512 470 378
1466 512 473 389
1466 512 477 395
1482 512 480 399
1482 512 482 402
1498 512 483 403
1498 512 484 404
1513 512 486 405
1513 512 489 405
1529 512 491 405
1529 512 497 404
1544 512 503 401
1544 512 511 398
1560 512 520 392
1560 512 527 386
1576 512 537 378
1576 512 545 369
1591 512 559 357
1591 512 569 343
1607 512 587 320
1607 512 597 306
1622 512 611 284
1622 512 619 273
1638 512 629 260
1638 512 643 243
1654 512 652 234
1669 512 672 218
1669 512 683 216
1685 512 690 216
1685 512 698 220
1700 512 707 224
1700 512 717 233
1716 512 730 249
1716 512 740 267
1732 512 752 298
1732 512 756 316
1747 512 756 343
1763 512 753 364
1763 512 739 397
1778 512 726 421
1778 512 714 442
1794 512 691 464
1794 512 676 478
1810 512 654 490
1810 512 644 493
1825 512 627 494
1825 512 615 492
1841 512 596 489
1841 512 583 483
1856 512 572 476
1856 512 553 461
1872 512 538 449
1872 512 517 426
1888 512 506 403
1888 512 494 374
1903 512 481 336
1903 512 477 307
1919 512 475 269
1919 512 478 250
1934 512 485 235
1934 512 492 227
1950 512 506 217
1950 512 519 210
1966 512 536 203
1966 512 558 202
1981 512 583 202
1981 512 620 210
1997 512 646 220
2012 512 703 260
2012 512 727 286
2028 512 742 312
2028 512 751 332
2044 512 752 355
2044 512 749 373
2059 512 738 396
2075 512 725 413
2075 512 702 436
2090 512 690 448
2090 512 677 453
2106 512 663 454
2106 512 649 452
2122 512 629 444
2122 512 611 434
2137 512 587 420
2137 512 572 408
2153 512 558 391
2153 512 549 377
2168 512 544 361
2168 512 541 332
2184 512 542 310
2184 512 552 277
2200 512 564 256
2200 512 579 238
2215 512 589 232
2215 512 605 223
2231 512 627 219
2231 512 649 217
2246 512 709 233
2262 512 746 253
2262 512 766 268
2278 512 783 291
2278 512 791 302
2293 512 798 320
2293 512 798 332
2309 512 794 342
2309 512 787 354
2324 512 781 363
2324 512 767 377
2340 512 759 384
2340 512 751 390
2356 512 746 392
2356 512 744 393
2371 512 742 393
2387 512 741 393
2402 512 740 393
2434 512 740 392
2449 512 740 391
2480 512 740 390
2496 512 740 389
2512 512 740 388
2527 512 740 387
2543 512 740 386
2558 512 740 385
2558 512 740 384
2574 512 740 383
2574 512 739 383
2590 512 738 381
2590 512 736 380
2605 512 733 377
2605 512 730 375
2621 512 725 372
2621 512 722 369
2636 512 717 365
2636 512 713 363
2652 512 708 359
2652 512 705 356
2668 512 702 354
2668 512 697 351
2683 512 694 349
2699 512 689 347
2699 512 686 346
2714 512 682 344
2714 512 681 343
2730 512 680 343
2746 512 679 343
3760 256 84 0
3760 256 84 2
3853 256 72 0
3853 256 72 2
3962 256 82 0
3962 256 82 2
3994 256 84 0
3994 256 84 2
4072 256 76 0
4072 256 76 2
4087 256 75 0
4087 256 75 2
4134 256 72 0
4134 256 72 2
