0 512 331 154
234 512 331 155
234 512 331 156
234 512 331 157
234 512 331 158
250 512 331 159
250 512 331 160
250 512 331 162
250 512 331 164
250 512 331 167
250 512 331 169
250 512 332 171
265 512 333 173
265 512 334 177
265 512 336 179
265 512 337 181
265 512 337 183
265 512 338 185
265 512 339 187
265 512 340 190
281 512 341 192
281 512 342 194
281 512 343 196
281 512 344 197
281 512 345 199
281 512 345 200
281 512 346 202
297 512 347 203
297 512 348 204
297 512 349 205
297 512 350 206
297 512 351 206
297 512 352 207
297 512 352 208
297 512 353 209
297 512 353 210
312 512 353 211
312 512 354 212
312 512 355 213
312 512 356 214
312 512 357 214
312 512 357 215
312 512 358 216
328 512 359 216
328 512 359 217
328 512 360 217
328 512 361 217
328 512 362 218
328 512 362 219
343 512 362 220
343 512 363 221
343 512 364 222
343 512 365 222
343 512 366 223
359 512 367 224
359 512 367 225
359 512 368 226
359 512 369 226
359 512 370 226
359 512 371 227
359 512 372 228
375 512 372 229
375 512 373 229
375 512 373 230
375 512 374 230
375 512 375 231
375 512 376 232
375 512 377 233
375 512 378 234
390 512 379 234
390 512 380 235
390 512 381 236
390 512 382 236
390 512 382 237
390 512 383 237
390 512 384 237
406 512 385 237
406 512 386 238
406 512 387 239
406 512 388 240
406 512 389 240
406 512 390 241
406 512 391 241
406 512 392 241
422 512 393 242
422 512 393 243
422 512 394 243
422 512 395 244
422 512 396 245
422 512 397 245
422 512 398 245
422 512 399 246
437 512 400 246
437 512 401 246
437 512 402 247
437 512 403 247
437 512 404 247
437 512 405 247
437 512 406 248
453 512 407 248
453 512 408 249
453 512 409 249
453 512 410 249
453 512 411 249
453 512 412 249
453 512 414 249
468 512 414 250
468 512 415 250
468 512 417 251
468 512 418 251
468 512 420 251
468 512 422 251
468 512 423 251
468 512 425 251
484 512 426 252
484 512 427 252
484 512 429 252
484 512 430 252
484 512 432 252
484 512 433 252
484 512 435 252
500 512 437 252
500 512 438 252
500 512 439 252
500 512 441 252
500 512 443 252
500 512 444 252
500 512 445 252
500 512 446 252
515 512 447 252
515 512 448 252
515 512 450 252
515 512 451 252
515 512 452 252
515 512 453 252
515 512 454 252
531 512 455 252
531 512 456 252
531 512 457 252
531 512 458 251
531 512 459 251
531 512 460 251
547 512 461 251
547 512 461 250
562 512 461 249
562 512 462 249
562 512 462 248
562 512 462 247
578 512 462 246
578 512 462 245
578 512 462 244
578 512 462 243
578 512 462 242
578 512 462 241
578 512 462 240
593 512 462 239
593 512 462 238
593 512 462 237
593 512 462 236
593 512 462 235
593 512 462 234
593 512 462 233
609 512 462 232
609 512 462 231
609 512 462 230
609 512 461 229
609 512 460 229
609 512 459 228
609 512 458 227
609 512 457 226
625 512 456 225
625 512 455 224
625 512 454 222
625 512 453 221
625 512 451 220
625 512 449 219
625 512 448 218
640 512 446 217
640 512 444 216
640 512 443 215
640 512 441 214
640 512 439 213
640 512 437 212
640 512 435 211
640 512 432 210
656 512 430 209
656 512 428 207
656 512 426 206
656 512 424 205
656 512 421 204
656 512 419 204
656 512 417 203
656 512 415 202
672 512 413 201
672 512 411 201
672 512 409 201
672 512 407 201
672 512 405 201
672 512 403 201
672 512 401 201
672 512 399 201
687 512 396 201
687 512 394 201
687 512 392 201
687 512 390 201
687 512 389 201
687 512 387 201
687 512 386 201
703 512 385 201
703 512 383 201
703 512 382 202
703 512 380 202
703 512 379 203
703 512 378 203
703 512 377 204
718 512 375 205
718 512 374 206
718 512 373 206
718 512 372 207
718 512 370 208
718 512 370 209
718 512 369 210
718 512 368 211
734 512 366 212
734 512 365 213
734 512 364 215
734 512 363 217
734 512 362 219
734 512 361 222
734 512 359 224
734 512 358 226
750 512 357 228
750 512 356 230
750 512 355 233
750 512 354 236
750 512 353 238
750 512 352 242
750 512 350 245
750 512 350 249
765 512 350 252
765 512 350 255
765 512 350 258
765 512 350 261
765 512 350 264
765 512 350 268
765 512 350 271
765 512 350 275
781 512 350 277
781 512 351 280
781 512 352 282
781 512 353 286
781 512 353 288
781 512 354 291
781 512 355 294
797 512 356 296
797 512 357 298
797 512 358 302
797 512 360 304
797 512 361 306
797 512 362 308
797 512 363 310
797 512 364 312
812 512 365 315
812 512 367 317
812 512 368 319
812 512 371 321
812 512 372 324
812 512 374 326
812 512 376 327
812 512 378 328
828 512 381 329
828 512 383 331
828 512 385 332
828 512 387 334
828 512 389 335
828 512 392 336
828 512 394 338
828 512 397 339
843 512 401 340
843 512 403 341
843 512 407 343
843 512 409 344
843 512 412 345
843 512 415 346
843 512 418 346
843 512 421 346
859 512 423 346
859 512 427 346
859 512 430 346
859 512 432 346
859 512 436 347
859 512 438 347
859 512 441 347
875 512 443 347
875 512 445 347
875 512 447 347
875 512 449 347
875 512 452 347
875 512 454 347
875 512 456 347
875 512 458 347
890 512 460 347
890 512 462 347
890 512 463 347
890 512 464 347
890 512 465 347
890 512 466 346
890 512 467 346
906 512 468 345
906 512 469 345
906 512 470 345
906 512 471 344
906 512 472 343
906 512 473 342
906 512 474 341
906 512 475 340
922 512 476 339
922 512 477 338
922 512 478 337
922 512 479 336
922 512 480 335
922 512 481 335
922 512 481 334
937 512 481 333
937 512 482 331
937 512 483 330
937 512 483 328
937 512 483 327
937 512 483 325
937 512 484 324
937 512 485 322
953 512 485 320
953 512 485 318
953 512 485 317
953 512 485 315
953 512 485 314
953 512 485 312
953 512 485 310
968 512 485 308
968 512 485 306
968 512 485 305
968 512 485 303
968 512 485 301
968 512 485 300
968 512 485 298
968 512 485 296
984 512 485 294
984 512 485 292
984 512 485 290
984 512 484 288
984 512 483 287
984 512 483 285
984 512 483 284
984 512 482 282
1000 512 481 280
1000 512 480 279
1000 512 479 278
1000 512 478 276
1000 512 477 275
1000 512 476 274
1000 512 475 273
1000 512 473 272
1015 512 472 272
1015 512 471 271
1015 512 469 270
1015 512 468 269
1015 512 467 268
1015 512 465 267
1015 512 464 266
1015 512 462 265
1031 512 460 264
1031 512 459 264
1031 512 457 264
1031 512 455 263
1031 512 454 263
1031 512 452 262
1031 512 450 261
1047 512 448 261
1047 512 447 261
1047 512 445 260
1047 512 443 260
1047 512 441 260
1047 512 439 260
1047 512 437 260
1047 512 433 258
1062 512 431 258
1062 512 429 258
1062 512 427 257
1062 512 424 257
1062 512 420 256
1062 512 417 256
1062 512 413 256
1062 512 411 256
1078 512 408 256
1078 512 406 256
1078 512 402 256
1078 512 400 256
1078 512 398 256
1078 512 396 256
1078 512 394 256
1078 512 392 256
1093 512 390 256
1093 512 388 256
1093 512 386 256
1093 512 384 256
1093 512 383 256
1093 512 382 256
1093 512 381 256
1093 512 380 256
1109 512 379 257
1109 512 378 258
1109 512 377 258
1109 512 376 258
1109 512 375 259
1109 512 375 260
1125 512 375 261
1125 512 374 262
1125 512 373 262
1125 512 372 262
1125 512 372 263
1125 512 372 264
1125 512 371 265
1125 512 371 266
1140 512 370 267
1140 512 369 268
1140 512 369 269
1140 512 368 270
1140 512 368 271
1140 512 368 272
1140 512 367 274
1140 512 366 276
1156 512 366 278
1156 512 365 279
1156 512 364 281
1156 512 364 283
1156 512 364 285
1156 512 364 286
1156 512 364 288
1156 512 363 289
1172 512 362 289
1172 512 361 291
1172 512 360 292
1172 512 360 293
1172 512 359 295
1172 512 359 296
1172 512 359 297
1172 512 359 298
1187 512 359 299
1187 512 359 300
1187 512 359 301
1187 512 358 302
1187 512 358 303
1187 512 358 304
4047 512 358 305
4062 512 359 306
4062 512 360 306
4062 512 362 306
4062 512 364 306
4062 512 366 306
4062 512 368 307
4062 512 371 308
4078 512 375 310
4078 512 378 310
4078 512 382 310
4078 512 385 311
4078 512 389 312
4078 512 392 312
4078 512 396 312
4078 512 400 312
4093 512 405 313
4093 512 410 314
4093 512 414 316
4093 512 419 316
4093 512 422 316
4093 512 427 316
4093 512 432 317
4093 512 437 318
4109 512 441 318
4109 512 446 318
4109 512 450 319
4109 512 455 320
4109 512 460 322
4109 512 464 322
4109 512 469 323
4125 512 474 324
4125 512 479 325
4125 512 484 327
4125 512 489 328
4125 512 494 328
4125 512 499 329
4125 512 504 330
4125 512 508 330
4140 512 513 332
4140 512 518 333
4140 512 523 333
4140 512 528 334
4140 512 535 335
4140 512 540 337
4140 512 545 337
4140 512 550 338
4156 512 554 339
4156 512 559 340
4156 512 564 342
4156 512 569 343
4156 512 574 343
4156 512 578 344
4156 512 581 344
4156 512 586 345
4172 512 589 345
4172 512 593 345
4172 512 596 346
4172 512 600 348
4172 512 603 348
4172 512 605 349
4172 512 609 349
4172 512 611 349
4187 512 614 349
4187 512 616 349
4187 512 618 349
4187 512 621 350
4187 512 623 350
4187 512 625 350
4187 512 627 350
4187 512 629 351
4203 512 630 351
4203 512 631 351
4203 512 632 351
4203 512 633 351
4203 512 634 351
4203 512 635 351
4218 512 636 352
4218 512 637 352
4218 512 638 352
4218 512 639 352
4218 512 640 352
4218 512 641 352
4234 512 641 353
4234 512 642 353
4234 512 643 353
4250 512 644 353
4250 512 645 353
4250 512 645 354
4265 512 646 354
4281 512 647 354
4937 513 647 354
4984 512 647 355
5047 514 647 355
5047 512 647 355
9218 256 49 0
9328 257 49 2
9437 256 50 0
9531 257 50 2
10000 256 51 0
10078 257 51 2
15250 512 647 356
15250 512 648 357
15250 512 649 358
15250 512 650 359
15250 512 651 360
15265 512 652 362
15265 512 654 363
15265 512 657 368
15265 512 660 370
15265 512 662 372
15265 512 664 373
15265 512 666 375
15281 512 672 381
15281 512 674 383
15281 512 676 385
15281 512 678 386
15281 512 681 389
15281 512 681 390
15297 512 684 391
15297 512 686 393
15297 512 688 394
15297 512 689 396
15297 512 691 397
15297 512 692 398
15297 512 694 399
15312 512 696 400
15312 512 697 401
15312 512 698 402
15312 512 700 403
15312 512 701 404
15312 512 702 405
15312 512 704 406
15312 512 705 407
15328 512 706 408
15328 512 707 409
15328 512 708 409
15328 512 709 409
15328 512 709 410
15328 512 710 411
15328 512 711 411
15781 512 711 410
15797 512 710 410
15797 512 710 409
15828 512 710 408
15843 512 710 407
15859 512 709 407
15859 512 709 406
15968 513 709 406
16078 514 709 406
16078 512 709 406
19000 256 80 0
19093 257 80 2
19218 256 79 0
19281 257 79 2
19843 256 80 0
19906 257 80 2
20000 256 65 0
20062 257 65 2
21406 512 709 407
21406 512 709 408
21406 512 710 409
21406 512 711 409
21406 512 712 410
21406 512 713 411
21422 512 714 412
21422 512 715 413
21422 512 716 414
21422 512 717 415
21422 512 718 416
21422 512 719 417
21422 512 719 418
21422 512 720 419
21422 512 721 419
21437 512 722 420
21437 512 724 421
21437 512 725 422
21437 512 726 424
21437 512 727 425
21437 512 728 426
21437 512 729 427
21453 512 731 428
21453 512 732 429
21453 512 734 430
21453 512 735 431
21453 512 736 432
21453 512 738 433
21453 512 738 434
21453 512 739 435
21468 512 740 435
21468 512 741 436
21468 512 742 437
21468 512 743 438
21468 512 744 439
21468 512 745 439
21468 512 746 439
21468 512 747 440
21484 512 748 440
21484 512 749 441
21484 512 749 442
21484 512 749 443
21484 512 750 443
21484 512 751 443
21484 512 752 443
21500 512 752 444
21500 512 753 445
21500 512 754 445
21515 512 755 446
21531 512 755 447
21547 512 756 447
21562 512 756 448
21562 512 756 449
21593 512 756 450
21593 512 756 451
21609 512 757 451
21609 512 757 452
21625 512 758 453
21625 512 759 454
21625 512 759 455
21640 512 759 456
21640 512 760 457
21656 512 760 458
21656 512 761 459
21672 512 761 460
21672 512 761 461
21687 512 761 462
21687 512 762 463
21703 512 762 464
21703 512 762 465
21703 512 762 466
21718 512 763 466
21718 512 763 467
21718 512 763 468
21734 512 764 469
21734 512 764 470
21750 512 764 471
21750 512 765 471
21750 512 765 472
21750 512 765 473
21765 512 766 474
21765 512 767 475
21765 512 768 476
21781 512 768 477
21781 512 769 478
21781 512 769 479
21781 512 769 480
21781 512 770 481
21781 512 771 482
21781 512 772 483
21797 512 772 484
21797 512 773 485
21797 512 774 486
21797 512 775 486
21797 512 776 486
21812 512 776 487
21812 512 776 488
21812 512 777 489
21812 512 778 490
21812 512 779 490
21812 512 779 491
21812 512 779 492
21828 512 779 493
21828 512 779 494
21828 512 780 494
21828 512 780 495
21828 512 780 496
21828 512 781 496
21843 512 782 496
21843 512 782 497
21843 512 783 498
21859 512 783 499
21859 512 784 499
21859 512 784 500
21859 512 784 501
21875 512 785 501
21875 512 785 502
21875 512 786 502
21890 512 787 502
21890 512 787 503
21890 512 788 503
21890 512 788 504
21890 512 788 505
21890 512 788 506
21906 512 789 506
21906 512 789 507
21906 512 789 508
21922 512 789 509
21922 512 789 510
21922 512 790 511
21937 512 791 511
21937 512 791 512
21953 512 792 515
21953 512 792 516
21953 512 793 516
21953 512 794 517
21968 512 794 518
21968 512 795 518
21968 512 795 519
21968 512 795 520
21968 512 796 520
21984 512 796 521
21984 512 796 522
21984 512 797 523
22000 512 797 524
22000 512 797 525
22000 512 798 525
22000 512 798 526
22015 512 799 526
22015 512 799 527
22015 512 799 528
22031 512 799 529
22031 512 800 529
22031 512 800 530
22031 512 801 531
22047 512 802 532
22047 512 803 533
22047 512 803 534
22047 512 804 535
22047 512 804 536
22047 512 805 536
22062 512 805 537
22062 512 806 537
22062 512 807 537
22062 512 808 537
22078 512 809 538
22078 512 809 539
22093 512 809 540
22218 512 810 540
22234 512 811 540
22265 512 812 540
22281 512 813 540
22297 512 814 540
22328 512 815 540
22343 512 815 541
22343 512 816 541
22375 512 817 541
22390 512 818 541
22406 512 819 541
22437 512 819 542
22453 512 820 542
22515 512 821 542
22531 512 822 543
22531 512 823 543
22547 512 823 544
22547 512 823 545
22562 512 824 545
22562 512 825 546
22578 512 826 546
22578 512 827 547
22687 513 827 547
22875 512 827 547
22875 514 827 547
22875 512 827 547
23140 512 827 548
23140 512 827 549
23140 512 826 549
23156 512 825 550
23156 512 824 550
23156 512 823 551
23156 512 822 551
23156 512 821 551
23156 512 820 552
23156 512 819 553
23172 512 818 553
23172 512 816 554
23172 512 815 554
23172 512 814 554
23172 512 813 554
23172 512 812 554
23172 512 811 554
23172 512 810 555
23187 512 809 555
23187 512 808 556
23187 512 807 556
23187 512 805 556
23187 512 804 557
23187 512 803 557
23187 512 802 558
23203 512 801 558
23203 512 800 558
23203 512 799 558
23203 512 798 558
23203 512 797 558
23203 512 796 558
23218 512 794 559
23218 512 792 559
23218 512 791 559
23218 512 790 559
23218 512 789 559
23218 512 788 559
23218 512 787 560
23218 512 786 560
23234 512 785 560
23234 512 784 560
23234 512 783 560
23234 512 782 560
23234 512 781 560
23234 512 780 560
23234 512 779 560
23250 512 778 561
23250 512 777 561
23250 512 776 561
23250 512 775 561
23250 512 774 561
23250 512 773 561
23250 512 772 561
23265 512 771 561
23265 512 770 561
23265 512 769 562
23281 512 768 562
23281 512 767 562
23297 512 766 562
23312 512 766 563
23312 512 765 563
23328 512 764 563
23359 512 763 563
23359 512 763 564
23375 512 762 564
23390 512 762 565
23390 512 761 565
23406 512 761 566
23406 512 760 566
23422 512 759 566
23422 512 758 566
23422 512 758 567
23422 512 757 567
23453 512 756 568
23453 512 755 568
23453 512 755 569
23484 512 754 569
23500 512 753 569
23609 512 752 569
23625 512 752 570
23984 512 752 571
24000 512 751 571
24000 512 751 572
24000 512 751 573
24000 512 750 573
24000 512 749 573
24015 512 749 574
24015 512 749 575
24031 512 749 576
24031 512 748 576
24047 512 748 577
24062 512 748 578
24062 512 747 578
24062 512 746 578
24343 513 746 578
24343 512 746 578
24437 514 746 578
24437 512 746 578
24593 512 746 577
24593 512 746 576
24593 512 746 575
24609 512 747 573
24609 512 748 571
24609 512 749 569
24609 512 750 566
24609 512 751 564
24609 512 752 562
24609 512 754 560
24609 512 755 558
24625 512 756 556
24625 512 757 553
24625 512 758 550
24625 512 759 546
24625 512 760 543
24625 512 761 541
24640 512 764 535
24640 512 765 531
24640 512 766 528
24640 512 767 524
24640 512 768 522
24640 512 769 519
24640 512 771 515
24656 512 774 505
24656 512 774 505
24656 512 775 501
24656 512 776 498
24656 512 778 494
24656 512 779 491
24656 512 780 487
24656 512 781 483
24672 512 782 480
24672 512 782 477
24672 512 784 473
24672 512 785 468
24672 512 785 463
24672 512 785 459
24672 512 785 454
24672 512 785 449
24687 512 785 444
24687 512 785 439
24687 512 785 436
24687 512 785 431
24687 512 785 428
24687 512 785 423
24687 512 785 419
24687 512 785 415
24703 512 783 410
24703 512 783 406
24703 512 782 403
24703 512 782 399
24703 512 782 396
24703 512 782 393
24703 512 782 388
24703 512 781 384
24718 512 781 381
24718 512 781 376
24718 512 781 373
24718 512 781 369
24718 512 781 364
24718 512 781 360
24718 512 781 356
24734 512 781 353
24734 512 781 348
24734 512 781 340
24734 512 781 336
24734 512 781 333
24734 512 781 328
24734 512 781 325
24750 512 781 320
24750 512 781 317
24750 512 781 313
24750 512 781 308
24750 512 781 305
24750 512 781 302
24750 512 781 298
24750 512 782 295
24765 512 782 291
24765 512 782 288
24765 512 782 284
24765 512 783 281
24765 512 785 277
24765 512 786 275
24765 512 786 273
24765 512 786 271
24781 512 786 269
24781 512 787 267
24781 512 787 265
24781 512 787 263
24781 512 787 261
24781 512 787 259
24781 512 787 258
24781 512 788 256
24797 512 788 255
24797 512 788 254
24797 512 788 253
24797 512 788 252
24797 512 788 251
24797 512 788 250
24797 512 789 249
24812 512 789 248
24812 512 789 247
24812 512 790 247
24812 512 790 246
24812 512 790 245
24812 512 790 244
24812 512 791 244
24828 512 791 243
24828 512 791 242
24828 512 791 241
24828 512 791 240
24828 512 791 239
24843 512 791 238
24843 512 791 237
24859 512 791 236
24875 512 792 236
25422 512 792 235
25437 512 792 234
25437 512 792 233
25437 512 792 232
25437 512 792 231
25437 512 792 230
25437 512 792 228
25437 512 791 226
25437 512 790 224
25453 512 789 222
25453 512 788 221
25453 512 788 219
25453 512 787 217
25453 512 786 216
25453 512 785 214
25453 512 784 213
25453 512 783 212
25468 512 782 210
25468 512 782 209
25468 512 781 208
25468 512 780 206
25468 512 780 205
25468 512 780 204
25468 512 779 203
25484 512 778 202
25484 512 778 201
25484 512 777 200
25484 512 776 199
25484 512 776 198
25484 512 776 197
25484 512 776 196
25500 512 776 195
25500 512 775 194
25500 512 774 193
25500 512 774 192
25500 512 773 192
25500 512 773 191
25500 512 773 190
25515 512 772 189
25515 512 772 188
25515 512 771 187
25515 512 771 186
25515 512 771 185
25531 512 771 184
25531 512 770 183
25531 512 770 182
25531 512 769 182
25531 512 769 181
25531 512 769 180
25547 512 769 179
25547 512 768 178
25547 512 768 177
25562 512 768 176
25562 512 767 175
25562 512 767 174
25578 512 766 173
25578 512 766 172
25593 512 766 171
25593 512 765 171
25609 512 765 170
25609 512 765 169
25609 512 764 169
25625 512 764 168
25640 512 764 167
25656 512 764 166
25797 513 764 166
25906 514 764 166
